Puzzle            |          Steps           |        Nodes Expanded    |
------------------------------------------------------------------------|
                  |   h1   |   h2   |   h3   |   h1   |   h2   |   h3   |
------------------------------------------------------------------------|
[[4, 1, 0],       |        |        |        |        |        |        |
 [2, 5, 7],       |        |        |        |        |        |        |
 [6, 8, 3]]       |   402  |   114  |   471  |   673  |   191  |   785  |
------------------------------------------------------------------------|
[[5, 4, 0],       |        |        |        |        |        |        |
 [6, 8, 1],       |        |        |        |        |        |        |
 [3, 7, 2]]       |  1610  |   264  |   102  |  2667  |   445  |  175   |
------------------------------------------------------------------------|
[[8, 1, 0],       |        |        |        |        |        |        |
 [2, 4, 7],       |        |        |        |        |        |        |
 [5, 3, 6]]       |  1358  |   368  |   343  |  2235  |   623  |   595  |
------------------------------------------------------------------------|
[[5, 8, 1],       |        |        |        |        |        |        |
 [2, 0, 7],       |        |        |        |        |        |        |
 [3, 6, 4]]       |  871   |   54   |   43   |  1430  |   95   |   80   |
------------------------------------------------------------------------|
[[5, 8, 1], [2, 0, 7], [3, 6, 4]]             |   871   |   54   |   43   |   1430   |   95   |   80   |
[[1, 6, 2], [0, 7, 3], [4, 8, 5]]             |   246   |   357   |   21   |   411   |   622   |   40   |
[[3, 8, 1], [7, 0, 5], [6, 2, 4]]             |   871   |   347   |   266   |   1420   |   599   |   464   |
[[6, 7, 0], [8, 3, 5], [4, 1, 2]]             |   854   |   268   |   272   |   1408   |   470   |   473   |
[[0, 1, 2], [4, 3, 5], [8, 7, 6]]             |   716   |   371   |   74   |   1175   |   634   |   130   |
[[0, 1, 4], [2, 8, 5], [3, 7, 6]]             |   1567   |   644   |   338   |   2595   |   1093   |   590   |
[[1, 3, 7], [5, 8, 6], [0, 2, 4]]             |   1460   |   527   |   109   |   2416   |   904   |   189   |
[[0, 1, 8], [2, 3, 4], [5, 6, 7]]             |   495   |   503   |   64   |   814   |   861   |   112   |
[[3, 4, 0], [8, 6, 2], [7, 5, 1]]             |   565   |   382   |   437   |   932   |   653   |   725   |
[[4, 2, 3], [0, 7, 5], [6, 1, 8]]             |   565   |   103   |   318   |   949   |   177   |   549   |
[[2, 3, 5], [7, 0, 4], [6, 8, 1]]             |   267   |   53   |   51   |   451   |   100   |   94   |
[[1, 6, 0], [2, 3, 8], [5, 4, 7]]             |   195   |   111   |   419   |   325   |   192   |   721   |
[[1, 4, 6], [3, 8, 7], [5, 0, 2]]             |   705   |   142   |   274   |   1182   |   244   |   477   |
[[1, 7, 0], [3, 4, 2], [6, 5, 8]]             |   206   |   240   |   256   |   345   |   411   |   446   |
[[8, 5, 6], [4, 3, 0], [7, 1, 2]]             |   819   |   386   |   527   |   1330   |   661   |   882   |
[[7, 1, 4], [3, 6, 5], [0, 2, 8]]             |   1276   |   317   |   301   |   2114   |   544   |   523   |
[[5, 1, 8], [2, 4, 6], [0, 7, 3]]             |   319   |   58   |   61   |   537   |   103   |   105   |
[[0, 6, 1], [2, 5, 4], [7, 8, 3]]             |   840   |   170   |   534   |   1384   |   287   |   894   |
[[0, 8, 2], [6, 1, 4], [3, 7, 5]]             |   1845   |   96   |   303   |   3025   |   172   |   530   |
[[0, 4, 8], [3, 5, 1], [7, 6, 2]]             |   817   |   228   |   157   |   1347   |   387   |   261   |
[[1, 4, 5], [0, 7, 2], [6, 3, 8]]             |   629   |   477   |   308   |   1028   |   814   |   536   |
[[5, 4, 1], [2, 7, 6], [3, 8, 0]]             |   1332   |   132   |   103   |   2204   |   227   |   180   |
[[1, 5, 2], [0, 7, 4], [3, 8, 6]]             |   408   |   194   |   292   |   685   |   328   |   507   |
[[6, 1, 2], [5, 3, 7], [4, 0, 8]]             |   313   |   211   |   340   |   518   |   378   |   586   |
[[4, 5, 2], [1, 6, 0], [8, 3, 7]]             |   537   |   315   |   286   |   898   |   539   |   498   |
[[8, 2, 4], [7, 0, 3], [6, 5, 1]]             |   764   |   206   |   334   |   1249   |   362   |   585   |
[[3, 0, 7], [8, 4, 5], [2, 6, 1]]             |   892   |   284   |   77   |   1471   |   477   |   131   |
[[7, 0, 3], [1, 6, 2], [5, 4, 8]]             |   180   |   673   |   344   |   300   |   1137   |   601   |
[[2, 8, 3], [1, 5, 4], [7, 0, 6]]             |   578   |   341   |   354   |   959   |   584   |   614   |
[[2, 4, 3], [8, 1, 7], [5, 0, 6]]             |   719   |   476   |   372   |   1195   |   817   |   650   |
[[7, 1, 8], [0, 3, 4], [2, 6, 5]]             |   825   |   203   |   285   |   1337   |   355   |   498   |
[[7, 4, 8], [0, 2, 5], [1, 6, 3]]             |   867   |   539   |   360   |   1407   |   925   |   621   |
[[6, 8, 2], [7, 1, 0], [3, 4, 5]]             |   711   |   527   |   333   |   1167   |   904   |   571   |
[[5, 7, 1], [6, 3, 8], [4, 2, 0]]             |   440   |   518   |   348   |   729   |   889   |   603   |
[[1, 7, 4], [8, 0, 5], [2, 6, 3]]             |   803   |   91   |   528   |   1331   |   158   |   883   |
[[7, 6, 1], [8, 0, 5], [3, 4, 2]]             |   1172   |   662   |   325   |   1936   |   1126   |   564   |
[[7, 5, 6], [2, 0, 8], [4, 1, 3]]             |   742   |   366   |   88   |   1238   |   630   |   156   |
[[6, 0, 1], [5, 8, 7], [4, 3, 2]]             |   536   |   542   |   424   |   876   |   929   |   729   |
[[5, 8, 6], [0, 3, 2], [7, 4, 1]]             |   535   |   61   |   280   |   884   |   112   |   486   |
[[0, 8, 4], [5, 7, 2], [6, 1, 3]]             |   1502   |   733   |   379   |   2427   |   1245   |   654   |
[[7, 0, 1], [5, 8, 4], [6, 3, 2]]             |   954   |   236   |   342   |   1592   |   397   |   595   |
[[5, 2, 0], [4, 3, 8], [7, 6, 1]]             |   785   |   95   |   339   |   1295   |   157   |   590   |
[[4, 1, 6], [3, 5, 8], [2, 7, 0]]             |   2167   |   379   |   327   |   3570   |   653   |   565   |
[[4, 0, 6], [1, 7, 2], [5, 8, 3]]             |   471   |   123   |   402   |   793   |   206   |   690   |
[[6, 7, 5], [3, 0, 1], [2, 4, 8]]             |   214   |   722   |   436   |   360   |   1229   |   750   |
[[3, 6, 8], [4, 7, 5], [1, 0, 2]]             |   605   |   293   |   527   |   1007   |   491   |   881   |
[[3, 7, 0], [1, 5, 6], [2, 8, 4]]             |   1980   |   393   |   353   |   3285   |   663   |   615   |
[[4, 2, 3], [8, 5, 6], [7, 0, 1]]             |   1769   |   425   |   447   |   2858   |   725   |   766   |
[[8, 0, 3], [5, 2, 1], [7, 6, 4]]             |   2046   |   414   |   271   |   3340   |   711   |   472   |
[[6, 2, 0], [8, 4, 3], [1, 5, 7]]             |   538   |   672   |   459   |   897   |   1145   |   764   |
[[8, 5, 6], [4, 7, 3], [0, 2, 1]]             |   1481   |   130   |   369   |   2446   |   217   |   641   |
[[3, 1, 4], [0, 6, 5], [7, 8, 2]]             |   590   |   326   |   276   |   990   |   559   |   480   |
[[5, 2, 8], [0, 1, 6], [7, 3, 4]]             |   700   |   510   |   55   |   1147   |   875   |   97   |
[[8, 6, 7], [4, 1, 3], [5, 0, 2]]             |   148   |   109   |   73   |   249   |   186   |   128   |
[[3, 2, 5], [1, 4, 6], [8, 0, 7]]             |   797   |   374   |   83   |   1319   |   641   |   145   |
[[2, 3, 7], [6, 5, 8], [4, 0, 1]]             |   153   |   140   |   82   |   257   |   240   |   144   |
[[5, 4, 3], [0, 2, 7], [6, 8, 1]]             |   478   |   104   |   75   |   790   |   175   |   131   |
[[6, 5, 4], [1, 3, 0], [2, 8, 7]]             |   345   |   381   |   320   |   584   |   656   |   555   |
[[8, 6, 7], [3, 0, 5], [4, 1, 2]]             |   829   |   408   |   114   |   1370   |   695   |   198   |
[[6, 1, 8], [7, 5, 0], [3, 2, 4]]             |   1486   |   534   |   299   |   2459   |   915   |   515   |
[[8, 1, 5], [7, 0, 2], [3, 4, 6]]             |   710   |   376   |   340   |   1187   |   640   |   591   |
[[1, 0, 5], [2, 7, 4], [3, 8, 6]]             |   506   |   252   |   318   |   843   |   423   |   551   |
[[1, 2, 7], [3, 0, 4], [5, 6, 8]]             |   207   |   244   |   258   |   349   |   421   |   450   |
[[7, 3, 1], [6, 4, 8], [0, 2, 5]]             |   431   |   196   |   288   |   717   |   330   |   500   |
[[1, 5, 8], [3, 7, 0], [4, 6, 2]]             |   884   |   323   |   282   |   1472   |   553   |   488   |
[[7, 8, 5], [1, 0, 6], [2, 4, 3]]             |   293   |   394   |   353   |   488   |   676   |   608   |
[[7, 3, 6], [4, 8, 0], [5, 2, 1]]             |   1859   |   502   |   272   |   3039   |   858   |   472   |
[[6, 2, 4], [0, 1, 7], [8, 3, 5]]             |   338   |   48   |   45   |   561   |   87   |   82   |
[[7, 8, 1], [6, 0, 5], [4, 3, 2]]             |   712   |   359   |   335   |   1190   |   613   |   584   |
[[7, 6, 5], [0, 2, 4], [8, 1, 3]]             |   704   |   86   |   64   |   1180   |   147   |   113   |
[[4, 1, 2], [6, 8, 0], [7, 3, 5]]             |   337   |   643   |   426   |   561   |   1095   |   707   |
[[1, 0, 8], [2, 6, 5], [3, 7, 4]]             |   586   |   186   |   392   |   964   |   328   |   684   |
[[1, 8, 0], [5, 4, 7], [3, 6, 2]]             |   223   |   517   |   347   |   365   |   887   |   601   |
[[5, 6, 2], [7, 8, 0], [1, 4, 3]]             |   486   |   191   |   273   |   802   |   316   |   478   |
[[3, 6, 0], [2, 4, 5], [8, 7, 1]]             |   507   |   532   |   439   |   851   |   906   |   752   |
[[4, 1, 3], [7, 2, 0], [6, 5, 8]]             |   239   |   620   |   429   |   400   |   1051   |   714   |
[[6, 2, 5], [3, 7, 8], [1, 0, 4]]             |   609   |   113   |   280   |   1006   |   187   |   491   |
[[8, 2, 7], [4, 6, 5], [1, 3, 0]]             |   390   |   22   |   469   |   648   |   41   |   783   |
[[3, 5, 6], [2, 1, 0], [8, 7, 4]]             |   275   |   84   |   278   |   468   |   153   |   485   |
[[3, 7, 4], [2, 8, 0], [6, 5, 1]]             |   338   |   47   |   55   |   559   |   86   |   97   |
[[4, 7, 3], [2, 6, 8], [5, 1, 0]]             |   1110   |   672   |   444   |   1837   |   1143   |   738   |
[[0, 2, 7], [5, 8, 6], [4, 1, 3]]             |   367   |   193   |   24   |   633   |   324   |   42   |
[[0, 5, 4], [2, 8, 3], [6, 1, 7]]             |   1008   |   105   |   485   |   1668   |   183   |   811   |
[[4, 3, 2], [1, 6, 5], [0, 8, 7]]             |   1098   |   409   |   308   |   1816   |   707   |   533   |
[[2, 5, 3], [4, 0, 8], [7, 6, 1]]             |   217   |   111   |   79   |   373   |   186   |   136   |
[[5, 3, 6], [8, 7, 4], [0, 1, 2]]             |   2285   |   154   |   381   |   3699   |   259   |   654   |
[[6, 5, 0], [1, 8, 7], [3, 4, 2]]             |   1860   |   245   |   286   |   3071   |   415   |   497   |
[[5, 0, 4], [3, 7, 8], [6, 2, 1]]             |   642   |   502   |   355   |   1056   |   859   |   615   |
[[7, 0, 5], [3, 1, 8], [4, 2, 6]]             |   1158   |   376   |   326   |   1915   |   645   |   568   |
[[5, 2, 4], [8, 0, 7], [6, 1, 3]]             |   2002   |   272   |   408   |   3247   |   477   |   707   |
[[7, 5, 6], [1, 2, 8], [3, 4, 0]]             |   487   |   60   |   21   |   803   |   103   |   40   |
[[1, 8, 6], [7, 4, 2], [3, 5, 0]]             |   1074   |   349   |   346   |   1747   |   599   |   600   |
[[1, 6, 4], [8, 3, 2], [0, 7, 5]]             |   607   |   85   |   106   |   1006   |   156   |   193   |
[[8, 5, 2], [6, 4, 0], [3, 1, 7]]             |   1111   |   495   |   522   |   1822   |   849   |   872   |
[[0, 5, 4], [2, 1, 6], [8, 7, 3]]             |   374   |   256   |   355   |   622   |   448   |   618   |
[[7, 8, 5], [6, 3, 4], [1, 0, 2]]             |   694   |   246   |   359   |   1139   |   425   |   621   |
[[5, 3, 7], [4, 1, 0], [8, 2, 6]]             |   317   |   273   |   75   |   529   |   480   |   130   |